baked: shape (150, 114, 349) init (174, 2) phys c2 v_walk 150 soul (4, 4) blue False orange False slam []
solve wall time    : 15.9s (dp_ms=15872.1)

--- sans_bonegap1 cfg=c2auto [live] ---
is_deadlock        : False None
peak_alive/total   : 62589 31054585
action string      : 0,0;0,0;0,0;0,0;0,0;0,0;0,0;0,0;0,0;0,0;0,0;0,0;0,0;0,0;0,0;0,0;0,0;0,0;0,0;0,0;0,0;0,0;0,0;0,0;0,0;0,0;0,0;0,0;0,0;0,0;0,0;0,0;0,0;0,0;0,0;0,0;0,0;0,0;0,0;0,0;0,0;0,0;0,0;0,0;0,0;0,0;0,0;0,0;0,0;0,0;0,0;0,0;0,0;0,0;0,0;0,0;0,0;0,1;0,1;0,1;0,1;0,1;0,1;0,0;0,0;0,0;0,0;0,0;0,0;0,0;0,0;0,0;0,0;0,0;0,0;0,0;0,0;0,0;0,0;0,0;0,0;0,0;0,0;0,0;0,0;0,0;0,0;0,0;0,0;0,0;0,0;0,0;0,0;0,0;0,0;0,0;0,0;0,0;0,0;0,0;0,0;0,1;0,1;0,1;0,1;0,1;0,1;0,0;0,0;0,0;0,0;0,0;0,0;0,0;0,0;0,0;0,0;0,0;0,0;0,0;0,0;0,0;0,0;0,0;0,0;0,0;0,0;0,0;0,0;0,0;0,0;0,0;0,0;0,0;0,0;0,0;0,0;0,0;0,0;0,0;0,0;0,0;0,0;0,0;0,0;0,0;0,0;0,0;0,0
action RLE         : [[[0,0],57],[[0,1],6],[[0,0],38],[[0,1],6],[[0,0],42]]
action histogram   : {'[0 0]': 137, '[0 1]': 12}
left/right/idle    : 0 / 0 / 149
traj x RLE         : [[174,150]]
traj x[0], x[-1]   : 174 174  net drift: 0
traj[0] == init?   : True (174, 2, 0, 1, 0)
traj[-1] terminal  : (174, 0, 0, 1, 0)
replay passed      : True collisions: [] kin_errors: []
replay x RLE       : [[174,150]]
replay x[0], x[-1] : 174 174  net drift: 0
MAX |sol.trajectory[f] - replay[f]| = 0   (max|dx| = 0 at f=0, max|dy| = 0, max|dvy| = 0, max|dkappa| = 0, max|dtau| = 0)
first differing frame: None  n differing frames: 0
