baked T=385 shape=(385, 114, 349) init=(174, 2) phys=c2 W=349

--- ORIGINAL  [handed] T=385 ---
action RLE      : [[[0,0],54],[[0,1],6],[[0,0],31],[[-1,0],7],[[-1,1],9],[[-1,0],14],[[0,0],33],[[0,1],6],[[0,0],31],[[-1,0],7],[[-1,1],9],[[-1,0],14],[[0,0],34],[[0,1],6],[[0,0],32],[[-1,0],6],[[-1,1],8],[[-1,0],13],[[0,0],36],[[0,1],6],[[0,0],22]]
left/right/idle : 87 / 0 / 297
x RLE           : [[174,92],[172,1],[170,1],[168,1],[166,1],[164,1],[162,1],[160,1],[158,1],[156,1],[154,1],[152,1],[150,1],[148,1],[146,1],[144,1],[142,1],[140,1],[138,1],[136,1],[134,1],[132,1],[130,1],[128,1],[126,1],[124,1],[122,1],[120,1],[118,1],[116,1],[114,71],[112,1],[110,1],[108,1],[106,1],[104,1],[102,1],[100,1],[98,1],[96,1],[94,1],[92,1],[90,1],[88,1],[86,1],[84,1],[82,1],[80,1],[78,1],[76,1],[74,1],[72,1],[70,1],[68,1],[66,1],[64,1],[62,1],[60,1],[58,1],[56,1],[54,73],[52,1],[50,1],[48,1],[46,1],[44,1],[42,1],[40,1],[38,1],[36,1],[34,1],[32,1],[30,1],[28,1],[26,1],[24,1],[22,1],[20,1],[18,1],[16,1],[14,1],[12,1],[10,1],[8,1],[6,1],[4,1],[2,1],[0,65]]
x[0], x[-1]     : 174 0  terminal: (0, 15, 24, 0, 2)
replay passed   : True max|sol.traj - replay| = 0

--- X-MIRRORED [handed] T=385 ---
action RLE      : [[[0,0],54],[[0,1],6],[[0,0],31],[[1,0],7],[[1,1],9],[[1,0],14],[[0,0],33],[[0,1],6],[[0,0],31],[[1,0],7],[[1,1],9],[[1,0],14],[[0,0],34],[[0,1],6],[[0,0],32],[[1,0],6],[[1,1],8],[[1,0],13],[[0,0],36],[[0,1],6],[[0,0],22]]
left/right/idle : 0 / 87 / 297
x RLE           : [[174,92],[176,1],[178,1],[180,1],[182,1],[184,1],[186,1],[188,1],[190,1],[192,1],[194,1],[196,1],[198,1],[200,1],[202,1],[204,1],[206,1],[208,1],[210,1],[212,1],[214,1],[216,1],[218,1],[220,1],[222,1],[224,1],[226,1],[228,1],[230,1],[232,1],[234,71],[236,1],[238,1],[240,1],[242,1],[244,1],[246,1],[248,1],[250,1],[252,1],[254,1],[256,1],[258,1],[260,1],[262,1],[264,1],[266,1],[268,1],[270,1],[272,1],[274,1],[276,1],[278,1],[280,1],[282,1],[284,1],[286,1],[288,1],[290,1],[292,1],[294,73],[296,1],[298,1],[300,1],[302,1],[304,1],[306,1],[308,1],[310,1],[312,1],[314,1],[316,1],[318,1],[320,1],[322,1],[324,1],[326,1],[328,1],[330,1],[332,1],[334,1],[336,1],[338,1],[340,1],[342,1],[344,1],[346,1],[348,65]]
x[0], x[-1]     : 174 348  terminal: (348, 15, 24, 0, 2)
replay passed   : True max|sol.traj - replay| = 0

MIRROR CHECK: mirrored-original action == mirrored-run action for 384/384 frames; mirrored-original x == mirrored-run x for 385/385 frames
VERDICT: hazard-geometry driven (plan mirrors)
