featureless arena: B_hazard=zeros((150,114,349),bool) initial_state=(174,0) metadata={'slam_frames': [148]}
solve wall time    : 1.2s (dp_ms=1223.2)

--- featureless x0=174 T=150 W=349 H=114 [handed] ---
is_deadlock        : False None
peak_alive/total   : 14904 7788655
action string      : -1,0;-1,0;-1,0;-1,0;-1,0;-1,0;-1,0;-1,0;-1,0;-1,0;-1,0;-1,0;-1,0;-1,0;-1,0;-1,0;-1,0;-1,0;-1,0;-1,0;-1,0;-1,0;-1,0;-1,0;-1,0;-1,0;-1,0;-1,0;-1,0;-1,0;-1,0;-1,0;-1,0;-1,0;-1,0;-1,0;-1,0;-1,0;-1,0;-1,0;-1,0;-1,0;-1,0;-1,0;-1,0;-1,0;-1,0;-1,0;-1,0;-1,0;-1,0;-1,0;-1,0;-1,0;-1,0;-1,0;-1,0;-1,0;-1,0;-1,0;-1,0;-1,0;-1,0;-1,0;-1,0;-1,0;-1,0;-1,0;-1,0;-1,0;-1,0;-1,0;-1,0;-1,0;-1,0;-1,0;-1,0;-1,0;-1,0;-1,0;-1,0;-1,0;-1,0;-1,0;-1,0;-1,0;-1,0;-1,0;-1,0;-1,0;-1,0;-1,0;-1,0;-1,0;-1,0;-1,0;-1,0;-1,0;-1,0;-1,0;-1,0;-1,0;-1,0;-1,0;-1,0;-1,0;-1,0;-1,0;-1,0;-1,0;-1,0;-1,0;-1,0;-1,0;-1,0;-1,0;-1,0;-1,0;-1,0;-1,0;-1,0;-1,0;-1,0;-1,0;-1,0;-1,0;-1,0;-1,0;-1,0;-1,0;-1,0;-1,0;-1,0;-1,0;-1,0;-1,0;-1,0;-1,0;-1,0;-1,0;-1,0;-1,0;-1,0;-1,0;-1,0;-1,0;-1,0;-1,0;-1,0
action RLE         : [[[-1,0],149]]
action histogram   : {'[-1  0]': 149}
left/right/idle    : 149 / 0 / 0
traj x RLE         : [[174,1],[171,1],[168,1],[165,1],[162,1],[159,1],[156,1],[153,1],[150,1],[147,1],[144,1],[141,1],[138,1],[135,1],[132,1],[129,1],[126,1],[123,1],[120,1],[117,1],[114,1],[111,1],[108,1],[105,1],[102,1],[99,1],[96,1],[93,1],[90,1],[87,1],[84,1],[81,1],[78,1],[75,1],[72,1],[69,1],[66,1],[63,1],[60,1],[57,1],[54,1],[51,1],[48,1],[45,1],[42,1],[39,1],[36,1],[33,1],[30,1],[27,1],[24,1],[21,1],[18,1],[15,1],[12,1],[9,1],[6,1],[3,1],[0,92]]
traj x[0], x[-1]   : 174 0  net drift: -174
traj[0] == init?   : True (174, 0, 0, 1, 0)
traj[-1] terminal  : (0, 0, 0, 1, 0)
replay passed      : True collisions: [] kin_errors: []
replay x RLE       : [[174,1],[171,1],[168,1],[165,1],[162,1],[159,1],[156,1],[153,1],[150,1],[147,1],[144,1],[141,1],[138,1],[135,1],[132,1],[129,1],[126,1],[123,1],[120,1],[117,1],[114,1],[111,1],[108,1],[105,1],[102,1],[99,1],[96,1],[93,1],[90,1],[87,1],[84,1],[81,1],[78,1],[75,1],[72,1],[69,1],[66,1],[63,1],[60,1],[57,1],[54,1],[51,1],[48,1],[45,1],[42,1],[39,1],[36,1],[33,1],[30,1],[27,1],[24,1],[21,1],[18,1],[15,1],[12,1],[9,1],[6,1],[3,1],[0,92]]
replay x[0], x[-1] : 174 0  net drift: -174
MAX |sol.trajectory[f] - replay[f]| = 0   (max|dx| = 0 at f=0, max|dy| = 0, max|dvy| = 0, max|dkappa| = 0, max|dtau| = 0)
first differing frame: None  n differing frames: 0
