== bake ==
B_hazard.shape : (150, 114, 349)
initial_state  : (174, 2)
physics_mode   : c2
v_walk / v_jump: 150 180
soul_size      : (4, 4)
slam_frames    : []
has B_blue     : False
has B_orange   : False
hazard any     : True density 0.16102
platform frames with entries: 0

== solve ==
is_deadlock    : False None
T (actions)    : 149 T (traj) 150
peak_alive     : 62589
dp_ms          : 5521.7
distinct actions used: [(0, 0), (0, 1)]
counts per action    : {'[0 0]': 137, '[0 1]': 12}
RLE (action,runlen)  : [[[0, 0], 57], [[0, 1], 6], [[0, 0], 38], [[0, 1], 6], [[0, 0], 42]]

solver traj x[0..T-1]  : [174, 174, 174, 174, 174, 174, 174, 174, 174, 174, 174, 174, 174, 174, 174, 174, 174, 174, 174, 174, 174, 174, 174, 174, 174, 174, 174, 174, 174, 174, 174, 174, 174, 174, 174, 174, 174, 174, 174, 174, 174, 174, 174, 174, 174, 174, 174, 174, 174, 174, 174, 174, 174, 174, 174, 174, 174, 174, 174, 174, 174, 174, 174, 174, 174, 174, 174, 174, 174, 174, 174, 174, 174, 174, 174, 174, 174, 174, 174, 174, 174, 174, 174, 174, 174, 174, 174, 174, 174, 174, 174, 174, 174, 174, 174, 174, 174, 174, 174, 174, 174, 174, 174, 174, 174, 174, 174, 174, 174, 174, 174, 174, 174, 174, 174, 174, 174, 174, 174, 174, 174, 174, 174, 174, 174, 174, 174, 174, 174, 174, 174, 174, 174, 174, 174, 174, 174, 174, 174, 174, 174, 174, 174, 174, 174, 174, 174, 174, 174, 174]
solver traj x RLE      : [[174, 150]]
traj state at f=0      : (174, 2, 0, 1, 0)
traj state at f=T-1    : (174, 0, 0, 1, 0)

== replay ==
passed         : True
collision_frames: []
kinematic_errors: []
replay  x[0..T-1]      : [174, 174, 174, 174, 174, 174, 174, 174, 174, 174, 174, 174, 174, 174, 174, 174, 174, 174, 174, 174, 174, 174, 174, 174, 174, 174, 174, 174, 174, 174, 174, 174, 174, 174, 174, 174, 174, 174, 174, 174, 174, 174, 174, 174, 174, 174, 174, 174, 174, 174, 174, 174, 174, 174, 174, 174, 174, 174, 174, 174, 174, 174, 174, 174, 174, 174, 174, 174, 174, 174, 174, 174, 174, 174, 174, 174, 174, 174, 174, 174, 174, 174, 174, 174, 174, 174, 174, 174, 174, 174, 174, 174, 174, 174, 174, 174, 174, 174, 174, 174, 174, 174, 174, 174, 174, 174, 174, 174, 174, 174, 174, 174, 174, 174, 174, 174, 174, 174, 174, 174, 174, 174, 174, 174, 174, 174, 174, 174, 174, 174, 174, 174, 174, 174, 174, 174, 174, 174, 174, 174, 174, 174, 174, 174, 174, 174, 174, 174, 174, 174]
replay  x RLE          : [[174, 150]]

== sol.trajectory vs replay ==
frames compared        : 150
max abs diff (all 5 comps): 0
  -> max |dx|          : 0 at frame 0
  -> max |dy|          : 0 at frame 0
  -> max |dvy|         : 0
  -> max |dkappa|      : 0
  -> max |dtau|        : 0
first differing frame  : -1
sol[first]  : None
repl[first] : None
dx per frame (sol - replay) decimated: [0, 0, 0, 0, 0, 0, 0, 0, 0, 0, 0, 0, 0, 0, 0]
