featureless arena: B_hazard=zeros((150,114,349),bool) initial_state=(50,0) metadata={'slam_frames': [148]}
solve wall time    : 1.3s (dp_ms=1303.9)

--- featureless x0=50 T=150 W=349 H=114 [handed] ---
is_deadlock        : False None
peak_alive/total   : 16416 8910991
action string      : -1,0;-1,0;-1,0;-1,0;-1,0;-1,0;-1,0;-1,0;-1,0;-1,0;-1,0;-1,0;-1,0;-1,0;-1,0;-1,0;-1,0;-1,0;-1,0;-1,0;-1,0;-1,0;-1,0;-1,0;-1,0;-1,0;-1,0;-1,0;-1,0;-1,0;-1,0;-1,0;-1,0;-1,0;-1,0;-1,0;-1,0;-1,0;-1,0;-1,0;-1,0;-1,0;-1,0;-1,0;-1,0;-1,0;-1,0;-1,0;-1,0;-1,0;-1,0;-1,0;-1,0;-1,0;-1,0;-1,0;-1,0;-1,0;-1,0;-1,0;-1,0;-1,0;-1,0;-1,0;-1,0;-1,0;-1,0;-1,0;-1,0;-1,0;-1,0;-1,0;-1,0;-1,0;-1,0;-1,0;-1,0;-1,0;-1,0;-1,0;-1,0;-1,0;-1,0;-1,0;-1,0;-1,0;-1,0;-1,0;-1,0;-1,0;-1,0;-1,0;-1,0;-1,0;-1,0;-1,0;-1,0;-1,0;-1,0;-1,0;-1,0;-1,0;-1,0;-1,0;-1,0;-1,0;-1,0;-1,0;-1,0;-1,0;-1,0;-1,0;-1,0;-1,0;-1,0;-1,0;-1,0;-1,0;-1,0;-1,0;-1,0;-1,0;-1,0;-1,0;-1,0;-1,0;-1,0;-1,0;-1,0;-1,0;-1,0;-1,0;-1,0;-1,0;-1,0;-1,0;-1,0;-1,0;-1,0;-1,0;-1,0;-1,0;-1,0;-1,0;-1,0;-1,0;-1,0;-1,0;-1,0
action RLE         : [[[-1,0],149]]
action histogram   : {'[-1  0]': 149}
left/right/idle    : 149 / 0 / 0
traj x RLE         : [[50,1],[47,1],[44,1],[41,1],[38,1],[35,1],[32,1],[29,1],[26,1],[23,1],[20,1],[17,1],[14,1],[11,1],[8,1],[5,1],[2,1],[0,133]]
traj x[0], x[-1]   : 50 0  net drift: -50
traj[0] == init?   : True (50, 0, 0, 1, 0)
traj[-1] terminal  : (0, 0, 0, 1, 0)
replay passed      : True collisions: [] kin_errors: []
replay x RLE       : [[50,1],[47,1],[44,1],[41,1],[38,1],[35,1],[32,1],[29,1],[26,1],[23,1],[20,1],[17,1],[14,1],[11,1],[8,1],[5,1],[2,1],[0,133]]
replay x[0], x[-1] : 50 0  net drift: -50
MAX |sol.trajectory[f] - replay[f]| = 0   (max|dx| = 0 at f=0, max|dy| = 0, max|dvy| = 0, max|dkappa| = 0, max|dtau| = 0)
first differing frame: None  n differing frames: 0
