baked: shape (385, 114, 349) init (174, 2) phys c2 v_walk 150 soul (4, 4) blue False orange False slam []
solve wall time    : 28.7s (dp_ms=28657.3)

--- sans_bonegap1 cfg=c2auto [handed] ---
is_deadlock        : False None
peak_alive/total   : 122471 76923619
action string      : 0,0;0,0;0,0;0,0;0,0;0,0;0,0;0,0;0,0;0,0;0,0;0,0;0,0;0,0;0,0;0,0;0,0;0,0;0,0;0,0;0,0;0,0;0,0;0,0;0,0;0,0;0,0;0,0;0,0;0,0;0,0;0,0;0,0;0,0;0,0;0,0;0,0;0,0;0,0;0,0;0,0;0,0;0,0;0,0;0,0;0,0;0,0;0,0;0,0;0,0;0,0;0,0;0,0;0,0;0,1;0,1;0,1;0,1;0,1;0,1;0,0;0,0;0,0;0,0;0,0;0,0;0,0;0,0;0,0;0,0;0,0;0,0;0,0;0,0;0,0;0,0;0,0;0,0;0,0;0,0;0,0;0,0;0,0;0,0;0,0;0,0;0,0;0,0;0,0;0,0;0,0;-1,0;-1,0;-1,0;-1,0;-1,0;-1,0;-1,0;-1,1;-1,1;-1,1;-1,1;-1,1;-1,1;-1,1;-1,1;-1,1;-1,0;-1,0;-1,0;-1,0;-1,0;-1,0;-1,0;-1,0;-1,0;-1,0;-1,0;-1,0;-1,0;-1,0;0,0;0,0;0,0;0,0;0,0;0,0;0,0;0,0;0,0;0,0;0,0;0,0;0,0;0,0;0,0;0,0;0,0;0,0;0,0;0,0;0,0;0,0;0,0;0,0;0,0;0,0;0,0;0,0;0,0;0,0;0,0;0,0;0,0;0,1;0,1;0,1;0,1;0,1;0,1;0,0;0,0;0,0;0,0;0,0;0,0;0,0;0,0;0,0;0,0;0,0;0,0;0,0;0,0;0,0;0,0;0,0;0,0;0,0;0,0;0,0;0,0;0,0;0,0;0,0;0,0;0,0;0,0;0,0;0,0;0,0;-1,0;-1,0;-1,0;-1,0;-1,0;-1,0;-1,0;-1,1;-1,1;-1,1;-1,1;-1,1;-1,1;-1,1;-1,1;-1,1;-1,0;-1,0;-1,0;-1,0;-1,0;-1,0;-1,0;-1,0;-1,0;-1,0;-1,0;-1,0;-1,0;-1,0;0,0;0,0;0,0;0,0;0,0;0,0;0,0;0,0;0,0;0,0;0,0;0,0;0,0;0,0;0,0;0,0;0,0;0,0;0,0;0,0;0,0;0,0;0,0;0,0;0,0;0,0;0,0;0,0;0,0;0,0;0,0;0,0;0,0;0,0;0,1;0,1;0,1;0,1;0,1;0,1;0,0;0,0;0,0;0,0;0,0;0,0;0,0;0,0;0,0;0,0;0,0;0,0;0,0;0,0;0,0;0,0;0,0;0,0;0,0;0,0;0,0;0,0;0,0;0,0;0,0;0,0;0,0;0,0;0,0;0,0;0,0;0,0;-1,0;-1,0;-1,0;-1,0;-1,0;-1,0;-1,1;-1,1;-1,1;-1,1;-1,1;-1,1;-1,1;-1,1;-1,0;-1,0;-1,0;-1,0;-1,0;-1,0;-1,0;-1,0;-1,0;-1,0;-1,0;-1,0;-1,0;0,0;0,0;0,0;0,0;0,0;0,0;0,0;0,0;0,0;0,0;0,0;0,0;0,0;0,0;0,0;0,0;0,0;0,0;0,0;0,0;0,0;0,0;0,0;0,0;0,0;0,0;0,0;0,0;0,0;0,0;0,0;0,0;0,0;0,0;0,0;0,0;0,1;0,1;0,1;0,1;0,1;0,1;0,0;0,0;0,0;0,0;0,0;0,0;0,0;0,0;0,0;0,0;0,0;0,0;0,0;0,0;0,0;0,0;0,0;0,0;0,0;0,0;0,0;0,0
action RLE         : [[[0,0],54],[[0,1],6],[[0,0],31],[[-1,0],7],[[-1,1],9],[[-1,0],14],[[0,0],33],[[0,1],6],[[0,0],31],[[-1,0],7],[[-1,1],9],[[-1,0],14],[[0,0],34],[[0,1],6],[[0,0],32],[[-1,0],6],[[-1,1],8],[[-1,0],13],[[0,0],36],[[0,1],6],[[0,0],22]]
action histogram   : {'[-1  0]': 61, '[-1  1]': 26, '[0 0]': 273, '[0 1]': 24}
left/right/idle    : 87 / 0 / 297
traj x RLE         : [[174,92],[172,1],[170,1],[168,1],[166,1],[164,1],[162,1],[160,1],[158,1],[156,1],[154,1],[152,1],[150,1],[148,1],[146,1],[144,1],[142,1],[140,1],[138,1],[136,1],[134,1],[132,1],[130,1],[128,1],[126,1],[124,1],[122,1],[120,1],[118,1],[116,1],[114,71],[112,1],[110,1],[108,1],[106,1],[104,1],[102,1],[100,1],[98,1],[96,1],[94,1],[92,1],[90,1],[88,1],[86,1],[84,1],[82,1],[80,1],[78,1],[76,1],[74,1],[72,1],[70,1],[68,1],[66,1],[64,1],[62,1],[60,1],[58,1],[56,1],[54,73],[52,1],[50,1],[48,1],[46,1],[44,1],[42,1],[40,1],[38,1],[36,1],[34,1],[32,1],[30,1],[28,1],[26,1],[24,1],[22,1],[20,1],[18,1],[16,1],[14,1],[12,1],[10,1],[8,1],[6,1],[4,1],[2,1],[0,65]]
traj x[0], x[-1]   : 174 0  net drift: -174
traj[0] == init?   : True (174, 2, 0, 1, 0)
traj[-1] terminal  : (0, 15, 24, 0, 2)
replay passed      : True collisions: [] kin_errors: []
replay x RLE       : [[174,92],[172,1],[170,1],[168,1],[166,1],[164,1],[162,1],[160,1],[158,1],[156,1],[154,1],[152,1],[150,1],[148,1],[146,1],[144,1],[142,1],[140,1],[138,1],[136,1],[134,1],[132,1],[130,1],[128,1],[126,1],[124,1],[122,1],[120,1],[118,1],[116,1],[114,71],[112,1],[110,1],[108,1],[106,1],[104,1],[102,1],[100,1],[98,1],[96,1],[94,1],[92,1],[90,1],[88,1],[86,1],[84,1],[82,1],[80,1],[78,1],[76,1],[74,1],[72,1],[70,1],[68,1],[66,1],[64,1],[62,1],[60,1],[58,1],[56,1],[54,73],[52,1],[50,1],[48,1],[46,1],[44,1],[42,1],[40,1],[38,1],[36,1],[34,1],[32,1],[30,1],[28,1],[26,1],[24,1],[22,1],[20,1],[18,1],[16,1],[14,1],[12,1],[10,1],[8,1],[6,1],[4,1],[2,1],[0,65]]
replay x[0], x[-1] : 174 0  net drift: -174
MAX |sol.trajectory[f] - replay[f]| = 0   (max|dx| = 0 at f=0, max|dy| = 0, max|dvy| = 0, max|dkappa| = 0, max|dtau| = 0)
first differing frame: None  n differing frames: 0
