featureless arena: B_hazard=zeros((150,114,349),bool) initial_state=(320,0) metadata={'slam_frames': [148]}
solve wall time    : 3.1s (dp_ms=3051.2)

--- featureless x0=320 T=150 W=349 H=114 [handed] ---
is_deadlock        : False None
peak_alive/total   : 11232 5234359
action string      : -1,0;-1,0;-1,0;-1,0;-1,0;-1,0;-1,0;-1,0;-1,0;-1,0;-1,0;-1,0;-1,0;-1,0;-1,0;-1,0;-1,0;-1,0;-1,0;-1,0;-1,0;-1,0;-1,0;-1,0;-1,0;-1,0;-1,0;-1,0;-1,0;-1,0;-1,0;-1,0;-1,0;-1,0;-1,0;-1,0;-1,0;-1,0;-1,0;-1,0;-1,0;-1,0;-1,0;-1,0;-1,0;-1,0;-1,0;-1,0;-1,0;-1,0;-1,0;-1,0;-1,0;-1,0;-1,0;-1,0;-1,0;-1,0;-1,0;-1,0;-1,0;-1,0;-1,0;-1,0;-1,0;-1,0;-1,0;-1,0;-1,0;-1,0;-1,0;-1,0;-1,0;-1,0;-1,0;-1,0;-1,0;-1,0;-1,0;-1,0;-1,0;-1,0;-1,0;-1,0;-1,0;-1,0;-1,0;-1,0;-1,0;-1,0;-1,0;-1,0;-1,0;-1,0;-1,0;-1,0;-1,0;-1,0;-1,0;-1,0;-1,0;-1,0;-1,0;-1,0;-1,0;-1,0;-1,0;-1,0;-1,0;-1,0;-1,0;-1,0;-1,0;-1,0;-1,0;-1,0;-1,0;-1,0;-1,0;-1,0;-1,0;-1,0;-1,0;-1,0;-1,0;-1,0;-1,0;-1,0;-1,0;-1,0;-1,0;-1,0;-1,0;-1,0;-1,0;-1,0;-1,0;-1,0;-1,0;-1,0;-1,0;-1,0;-1,0;-1,0;-1,0;-1,0;-1,0;-1,0;-1,0
action RLE         : [[[-1,0],149]]
action histogram   : {'[-1  0]': 149}
left/right/idle    : 149 / 0 / 0
traj x RLE         : [[320,1],[317,1],[314,1],[311,1],[308,1],[305,1],[302,1],[299,1],[296,1],[293,1],[290,1],[287,1],[284,1],[281,1],[278,1],[275,1],[272,1],[269,1],[266,1],[263,1],[260,1],[257,1],[254,1],[251,1],[248,1],[245,1],[242,1],[239,1],[236,1],[233,1],[230,1],[227,1],[224,1],[221,1],[218,1],[215,1],[212,1],[209,1],[206,1],[203,1],[200,1],[197,1],[194,1],[191,1],[188,1],[185,1],[182,1],[179,1],[176,1],[173,1],[170,1],[167,1],[164,1],[161,1],[158,1],[155,1],[152,1],[149,1],[146,1],[143,1],[140,1],[137,1],[134,1],[131,1],[128,1],[125,1],[122,1],[119,1],[116,1],[113,1],[110,1],[107,1],[104,1],[101,1],[98,1],[95,1],[92,1],[89,1],[86,1],[83,1],[80,1],[77,1],[74,1],[71,1],[68,1],[65,1],[62,1],[59,1],[56,1],[53,1],[50,1],[47,1],[44,1],[41,1],[38,1],[35,1],[32,1],[29,1],[26,1],[23,1],[20,1],[17,1],[14,1],[11,1],[8,1],[5,1],[2,1],[0,43]]
traj x[0], x[-1]   : 320 0  net drift: -320
traj[0] == init?   : True (320, 0, 0, 1, 0)
traj[-1] terminal  : (0, 0, 0, 1, 0)
replay passed      : True collisions: [] kin_errors: []
replay x RLE       : [[320,1],[317,1],[314,1],[311,1],[308,1],[305,1],[302,1],[299,1],[296,1],[293,1],[290,1],[287,1],[284,1],[281,1],[278,1],[275,1],[272,1],[269,1],[266,1],[263,1],[260,1],[257,1],[254,1],[251,1],[248,1],[245,1],[242,1],[239,1],[236,1],[233,1],[230,1],[227,1],[224,1],[221,1],[218,1],[215,1],[212,1],[209,1],[206,1],[203,1],[200,1],[197,1],[194,1],[191,1],[188,1],[185,1],[182,1],[179,1],[176,1],[173,1],[170,1],[167,1],[164,1],[161,1],[158,1],[155,1],[152,1],[149,1],[146,1],[143,1],[140,1],[137,1],[134,1],[131,1],[128,1],[125,1],[122,1],[119,1],[116,1],[113,1],[110,1],[107,1],[104,1],[101,1],[98,1],[95,1],[92,1],[89,1],[86,1],[83,1],[80,1],[77,1],[74,1],[71,1],[68,1],[65,1],[62,1],[59,1],[56,1],[53,1],[50,1],[47,1],[44,1],[41,1],[38,1],[35,1],[32,1],[29,1],[26,1],[23,1],[20,1],[17,1],[14,1],[11,1],[8,1],[5,1],[2,1],[0,43]]
replay x[0], x[-1] : 320 0  net drift: -320
MAX |sol.trajectory[f] - replay[f]| = 0   (max|dx| = 0 at f=0, max|dy| = 0, max|dvy| = 0, max|dkappa| = 0, max|dtau| = 0)
first differing frame: None  n differing frames: 0
