baked: shape (150, 114, 349) init (174, 2) phys c2 v_walk 150 soul (4, 4) blue False orange False slam []
-> rebuilt with metadata={} (docs stepper, v_walk=3, soul 8x8)
solve wall time    : 2.3s (dp_ms=2257.0)

--- sans_bonegap1 cfg=c2auto_docsmeta [handed] ---
is_deadlock        : False None
peak_alive/total   : 12013 5323705
action string      : 0,0;0,0;0,0;0,0;0,0;0,0;0,0;0,0;0,0;0,0;0,0;0,0;0,0;0,0;0,0;0,0;0,0;0,0;0,0;0,0;0,0;0,0;0,0;0,0;0,0;0,0;0,0;0,0;0,0;0,0;0,0;0,0;0,0;0,0;0,0;0,0;0,0;0,0;0,0;0,0;0,0;0,0;0,0;0,0;0,0;0,0;0,0;0,0;0,0;0,0;0,0;0,0;0,0;0,0;0,0;0,0;0,0;0,0;0,0;0,0;0,0;0,0;0,0;0,0;0,0;0,1;-1,0;-1,0;-1,0;-1,0;-1,0;-1,0;-1,0;-1,0;0,1;1,0;1,0;1,0;1,0;1,0;1,0;1,0;1,0;0,0;0,0;0,0;0,0;0,0;0,0;0,0;0,0;0,0;0,0;0,0;0,0;0,0;0,0;0,0;0,0;0,0;0,0;0,0;0,0;0,0;0,0;0,1;-1,0;-1,0;-1,0;-1,0;-1,0;-1,0;-1,0;-1,0;0,1;1,0;1,0;1,0;1,0;1,0;1,0;1,0;1,0;0,0;0,0;0,0;0,0;0,0;0,0;0,0;0,0;0,0;0,0;0,0;0,0;0,0;0,0;0,0;0,0;0,0;0,0;0,0;0,0;0,1;0,0;0,0;0,0;0,0;0,0
action RLE         : [[[0,0],65],[[0,1],1],[[-1,0],8],[[0,1],1],[[1,0],8],[[0,0],22],[[0,1],1],[[-1,0],8],[[0,1],1],[[1,0],8],[[0,0],20],[[0,1],1],[[0,0],5]]
action histogram   : {'[-1  0]': 16, '[0 0]': 112, '[0 1]': 5, '[1 0]': 16}
left/right/idle    : 16 / 16 / 117
traj x RLE         : [[174,67],[171,1],[168,1],[165,1],[162,1],[159,1],[156,1],[153,1],[150,2],[153,1],[156,1],[159,1],[162,1],[165,1],[168,1],[171,1],[174,24],[171,1],[168,1],[165,1],[162,1],[159,1],[156,1],[153,1],[150,2],[153,1],[156,1],[159,1],[162,1],[165,1],[168,1],[171,1],[174,27]]
traj x[0], x[-1]   : 174 174  net drift: 0
traj[0] == init?   : True (174, 2, 0, 1, 0)
traj[-1] terminal  : (174, 18, -2, 0, 15)
replay passed      : True collisions: [] kin_errors: []
replay x RLE       : [[174,67],[171,1],[168,1],[165,1],[162,1],[159,1],[156,1],[153,1],[150,2],[153,1],[156,1],[159,1],[162,1],[165,1],[168,1],[171,1],[174,24],[171,1],[168,1],[165,1],[162,1],[159,1],[156,1],[153,1],[150,2],[153,1],[156,1],[159,1],[162,1],[165,1],[168,1],[171,1],[174,27]]
replay x[0], x[-1] : 174 174  net drift: 0
MAX |sol.trajectory[f] - replay[f]| = 0   (max|dx| = 0 at f=0, max|dy| = 0, max|dvy| = 0, max|dkappa| = 0, max|dtau| = 0)
first differing frame: None  n differing frames: 0
